1 0 0 -0
0 1 0 -0
0 0 1 -0

0.999991 0.00264938 0.00339828 -0.00110041
-0.00265588 0.999995 0.00190946 0.00533617
-0.0033932 -0.00191847 0.999992 -0.677217

0.999969 0.00231743 0.00755397 0.000346056
-0.00234214 0.999992 0.00326322 0.00608073
-0.00754635 -0.00328081 0.999966 -1.37404

0.999929 0.00248654 0.0116712 -0.00319273
-0.00254125 0.999986 0.00467477 0.00737789
-0.0116594 -0.00470409 0.999921 -2.08738

0.999778 0.00217175 0.0209753 -0.015358
-0.00228246 0.999984 0.00525567 0.011525
-0.0209635 -0.00530237 0.999766 -3.56132

0.999668 -0.000169809 0.025763 -0.0313011
-2.45937e-07 0.999978 0.00660059 0.0122447
-0.0257636 -0.00659841 0.999646 -4.32396

0.999375 -0.00340431 0.0351955 -0.0623431
0.0032205 0.999981 0.0052779 0.0337971
-0.0352127 -0.00516125 0.999367 -5.88448

0.999202 -0.00298378 0.0398346 -0.0858577
0.00289092 0.999993 0.00238836 0.0626961
-0.0398414 -0.0022713 0.999203 -6.70366

0.999057 -0.00241696 0.043344 -0.107587
0.00243134 0.999997 -0.000279119 0.0906656
-0.0433432 0.000384239 0.99906 -7.52851

0.998935 -0.00432409 0.0459369 -0.118037
0.0043076 0.999991 0.000458015 0.0942064
-0.0459384 -0.000259649 0.998944 -8.34423

0.998739 -0.00067709 0.0502086 -0.151203
0.000622876 0.999999 0.00109543 0.100318
-0.0502093 -0.00106277 0.998738 -10.0045

0.998606 0.000223155 0.0527881 -0.181793
-0.000248525 1 0.000474045 0.110075
-0.052788 -0.000486503 0.998606 -10.8481

0.998395 -0.000150971 0.0566275 -0.22733
-2.9804e-05 0.999995 0.0031915 0.0914534
-0.0566277 -0.00318807 0.99839 -12.5601

0.998311 -0.000622672 0.0580847 -0.238792
0.000287719 0.999983 0.00577481 0.0641933
-0.0580873 -0.00574835 0.998295 -13.4203

0.998149 -0.00539308 0.0605762 -0.255307
0.00497664 0.999963 0.00702346 0.0678664
-0.0606118 -0.006709 0.998139 -15.1831

0.997963 -0.00569667 0.0635347 -0.295531
0.00541963 0.999975 0.00453201 0.117582
-0.0635589 -0.00417845 0.997969 -16.9734

0.997924 -0.00528942 0.0641859 -0.299813
0.00500701 0.999977 0.00455998 0.125185
-0.0642085 -0.00422914 0.997928 -17.8798

0.997826 -0.00508355 0.0657003 -0.321062
0.00474605 0.999975 0.00529203 0.121982
-0.0657255 -0.00496871 0.997825 -18.7851

0.997723 -0.00378757 0.0673326 -0.345051
0.00347601 0.999983 0.00474374 0.13951
-0.0673494 -0.0044989 0.997719 -20.6337

0.9977 -0.00443021 0.0676461 -0.351513
0.00433695 0.999989 0.00152549 0.213411
-0.0676522 -0.0012286 0.997708 -21.5694

0.997828 -0.00319025 0.0657976 -0.302684
0.00354806 0.99998 -0.00532192 0.391137
-0.0657793 0.00554382 0.997819 -23.4552

0.997919 -0.00387306 0.0643583 -0.265769
0.00424974 0.999975 -0.00571703 0.407717
-0.0643345 0.00597864 0.99791 -24.4064

0.997981 -0.00359487 0.0634166 -0.245479
0.00380132 0.999988 -0.00313504 0.35501
-0.0634045 0.00336977 0.997982 -25.3675

0.998083 -0.00356739 0.0617804 -0.196754
0.00332069 0.999986 0.00409533 0.184142
-0.0617941 -0.00388232 0.998081 -27.2856

0.99811 -0.000544544 0.0614467 -0.190156
0.000349113 0.999995 0.00319118 0.211283
-0.0614482 -0.00316369 0.998105 -28.2509

0.998077 0.00163482 0.0619718 -0.208935
-0.00150824 0.999997 -0.00208937 0.372866
-0.061975 0.00199189 0.998076 -29.229

0.997838 0.0145661 0.0640824 -0.285091
-0.0142038 0.99988 -0.00610598 0.497596
-0.0641637 0.00518256 0.997926 -31.1831

0.997701 0.0168082 0.0656478 -0.334568
-0.0166865 0.999858 -0.00240112 0.383946
-0.0656788 0.00130017 0.99784 -32.1832

0.997475 0.0156036 0.0692894 -0.445099
-0.0157999 0.999873 0.00228605 0.245565
-0.0692449 -0.00337504 0.997594 -34.1471

0.997415 0.0159127 0.0700662 -0.471898
-0.0159827 0.999872 0.000438904 0.32514
-0.0700503 -0.00155762 0.997542 -35.1509

0.997269 0.0129472 0.0727115 -0.555368
-0.0127446 0.999914 -0.00324893 0.487409
-0.0727472 0.00231337 0.997348 -37.1712

0.997197 0.0128819 0.0737052 -0.587488
-0.0122476 0.999884 -0.00905203 0.742387
-0.0738132 0.00812395 0.997239 -39.1612

0.997181 0.00798582 0.0746098 -0.618542
-0.00718179 0.999913 -0.0110385 0.846098
-0.0746915 0.0104716 0.997152 -40.152

0.997175 0.00806858 0.0746766 -0.612855
-0.00729367 0.999917 -0.0106437 0.843947
-0.0747563 0.010069 0.997151 -41.1563

0.997193 0.0056134 0.0746623 -0.597391
-0.00511713 0.999964 -0.00683639 0.720303
-0.074698 0.00643515 0.997185 -43.1484

0.997124 0.0053998 0.0755991 -0.635842
-0.00488992 0.999964 -0.00692794 0.741056
-0.0756338 0.00653834 0.997114 -44.1519

0.997001 0.00703551 0.0770684 -0.704545
-0.00637383 0.999941 -0.00882817 0.844696
-0.0771259 0.00831047 0.996987 -45.1389

0.996939 0.00412341 0.0780769 -0.7472
-0.00365594 0.999975 -0.00612924 0.759441
-0.0781001 0.00582503 0.996929 -47.1134

0.996843 0.00356618 0.0793168 -0.806887
-0.00344477 0.999993 -0.00166747 0.555936
-0.0793221 0.00138898 0.996848 -48.0926

0.996742 0.00503079 0.080495 -0.86521
-0.00470413 0.99998 -0.00424725 0.708219
-0.0805147 0.00385475 0.996746 -50.0556

0.996724 0.0064294 0.0806182 -0.872438
-0.00587336 0.999957 -0.00713253 0.862784
-0.0806606 0.00663567 0.99672 -51.0254

0.99664 0.0120684 0.0810114 -0.888157
-0.0115423 0.999909 -0.00695966 0.860512
-0.081088 0.00600122 0.996689 -52.9561

0.996583 0.0142795 0.0813512 -0.905982
-0.0138406 0.999886 -0.00595595 0.816546
-0.081427 0.00480964 0.996668 -53.9144

0.996323 0.0196078 0.0834028 -1.01449
-0.0186732 0.999754 -0.0119716 1.16152
-0.083617 0.0103702 0.996444 -55.8096

0.996241 0.0209008 0.0840619 -1.05234
-0.0195274 0.999663 -0.0171275 1.46388
-0.0843915 0.0154217 0.996313 -56.7547

0.996122 0.0179642 0.0861314 -1.16678
-0.0167355 0.999748 -0.0149673 1.37432
-0.0863786 0.0134678 0.996171 -58.6491

0.99601 0.0162066 0.0877584 -1.26169
-0.015653 0.999853 -0.0069924 0.917926
-0.0878588 0.00559081 0.996117 -59.5868

0.995931 0.00910049 0.0896594 -1.36758
-0.00891593 0.999957 -0.00245885 0.702787
-0.089678 0.00164945 0.995969 -61.4207

0.995838 0.00646234 0.0909122 -1.43886
-0.00603894 0.99997 -0.00493147 0.887538
-0.0909414 0.00436193 0.995847 -62.3042

0.995677 0.00343478 0.0928183 -1.54805
-0.00289535 0.999978 -0.00594572 0.989757
-0.0928367 0.00565127 0.995665 -64.058

0.995524 0.00210339 0.0944822 -1.64814
-0.00145964 0.999975 -0.00688211 1.07448
-0.0944943 0.00671339 0.995503 -64.9118

0.995281 0.00221239 0.0970057 -1.79825
-0.00146279 0.999969 -0.00779786 1.16125
-0.0970199 0.00761916 0.995253 -66.5809

0.995019 0.000177769 0.0996856 -1.9686
0.000958275 0.999935 -0.0113483 1.44121
-0.0996812 0.0113873 0.994954 -68.1764

0.994907 -0.000623083 0.10079 -2.0338
0.00220161 0.999877 -0.015551 1.74971
-0.100768 0.0156937 0.994786 -68.9648

0.994709 -0.00291865 0.102693 -2.16392
0.00469299 0.999844 -0.0170407 1.88315
-0.102627 0.0174324 0.994567 -69.7368

0.99445 -0.00576842 0.105049 -2.31367
0.00637229 0.999965 -0.00541377 1.10673
-0.105014 0.00605313 0.994452 -71.2264

0.994289 -0.00526306 0.106592 -2.42211
0.00526021 0.999986 0.000307821 0.700649
-0.106592 0.000254633 0.994303 -71.9367

0.994275 -0.00623688 0.106669 -2.41785
0.00607621 0.99998 0.00183114 0.594286
-0.106678 -0.00117252 0.994293 -72.6267

0.994042 -0.00874345 0.108645 -2.54889
0.00917756 0.999952 -0.00349624 1.02756
-0.10861 0.00447251 0.994074 -73.9518

0.993952 -0.00534061 0.109689 -2.62541
0.00547797 0.999985 -0.000950967 0.834369
-0.109683 0.00154609 0.993965 -74.5946

0.994033 0.00663084 0.108874 -2.5694
-0.00751124 0.999942 0.00767827 0.127035
-0.108816 -0.00845023 0.994026 -75.8353

0.994375 0.00431036 0.105826 -2.33584
-0.00519409 0.999954 0.00807658 0.117346
-0.105786 -0.00858082 0.994352 -76.4313

0.995274 0.00200473 0.0970818 -1.65875
-0.00223939 0.999995 0.00230823 0.591713
-0.0970767 -0.00251472 0.995274 -77.5944

0.99577 0.00637476 0.0916601 -1.24595
-0.00619322 0.999978 -0.00226482 0.932153
-0.0916725 0.00168757 0.995788 -78.1428

0.997286 0.00770495 0.0732246 0.191468
-0.00730341 0.999957 -0.0057498 1.22182
-0.0732657 0.00519941 0.997299 -79.1974

0.999174 -0.00206104 0.0405813 2.77767
0.00227841 0.999983 -0.00531081 1.25583
-0.0405697 0.00539889 0.999162 -80.1493

0.999825 -0.000312129 0.0186829 4.51925
0.000428512 0.999981 -0.0062257 1.32637
-0.0186806 0.00623262 0.999806 -80.5506

0.999317 0.00405261 -0.0367297 8.9448
-0.00440203 0.999946 -0.00943739 1.57836
0.0366895 0.00959263 0.999281 -81.1035

0.997547 0.0041263 -0.0698737 11.6135
-0.00492153 0.999925 -0.0112127 1.72816
0.0698222 0.011529 0.997493 -81.2119

0.988808 0.00396253 -0.149138 18.0211
-0.00590812 0.999903 -0.0126048 1.85383
0.149073 0.0133449 0.988736 -80.9131

0.980959 0.00390257 -0.194178 21.6702
-0.00651832 0.999896 -0.0128338 1.87762
0.194108 0.0138551 0.980882 -80.4379

0.969959 0.00149137 -0.243265 25.6597
-0.00445062 0.999923 -0.0116156 1.79817
0.243229 0.0123493 0.96989 -79.6742

0.935879 0.000280682 -0.352322 34.541
-0.00334105 0.999962 -0.00807825 1.52086
0.352306 0.00873739 0.935844 -77.0559

0.912315 -0.000648287 -0.409489 39.1993
-0.00242471 0.999973 -0.00698521 1.43574
0.409482 0.0073656 0.912288 -75.1742

0.851205 0.00163596 -0.52483 48.6023
-0.00396517 0.999987 -0.0033139 1.12787
0.524818 0.00490185 0.851201 -70.219

0.775404 0.0026674 -0.63146 57.3007
-0.00593453 0.999978 -0.00306323 1.11568
0.631438 0.00612266 0.775402 -64.0395

0.733561 0.00082558 -0.679623 61.2239
-0.00666629 0.99996 -0.00598064 1.37072
0.679591 0.00891772 0.733537 -60.6314

0.643056 0.00410014 -0.765808 68.2446
-0.00967685 0.999949 -0.00277201 1.09589
0.765758 0.00919317 0.643064 -53.278

0.596927 0.00900502 -0.802245 71.2076
-0.0121983 0.999923 0.00214748 0.664147
0.802203 0.00850417 0.596991 -49.5529

0.503984 0.00173927 -0.863711 76.2278
-0.00746807 0.999969 -0.00234404 1.08199
0.863681 0.00763161 0.503981 -42.0609

0.458954 0.000774033 -0.88846 78.2553
-0.00547448 0.999983 -0.00195678 1.05557
0.888443 0.00576193 0.458951 -38.4572

0.416936 0.00701752 -0.908909 79.928
-0.00825817 0.999958 0.00393229 0.542278
0.908898 0.0058664 0.416977 -35.1341

0.342134 0.0250725 -0.939317 82.4205
-0.0204627 0.999606 0.0192285 -0.796841
0.939428 0.0126422 0.342512 -29.3321

0.309398 0.0223982 -0.950669 83.3697
-0.0160912 0.999703 0.0183165 -0.714292
0.950797 0.00963032 0.309666 -26.8286

0.278871 0.0109748 -0.960266 84.1847
-0.00873426 0.999922 0.00889151 0.129857
0.960289 0.00590763 0.278945 -24.5169

0.225383 0.00744173 -0.974242 85.3879
-0.00254578 0.999972 0.00704932 0.304863
0.974267 0.000891411 0.225395 -20.6218

0.201939 0.0151481 -0.979281 85.8331
-0.00142221 0.999884 0.0151735 -0.407933
0.979397 -0.00167138 0.201937 -18.9769

0.181852 0.0222267 -0.983075 86.1706
0.00498348 0.999711 0.0235247 -1.1647
0.983313 -0.00917713 0.181689 -17.6208

0.144903 0.0216618 -0.989209 86.7538
0.0124091 0.999642 0.023708 -1.20735
0.989368 -0.0157106 0.144583 -15.2409

0.129688 0.0197423 -0.991358 86.9737
0.00801586 0.999748 0.020958 -0.9459
0.991522 -0.0106646 0.129497 -14.3711

0.102186 0.022316 -0.994515 87.3202
0.00211961 0.999741 0.022651 -1.06196
0.994763 -0.00442261 0.102112 -12.9166

0.0904483 0.0260749 -0.99556 87.4516
0.00105751 0.999654 0.0262782 -1.37146
0.995901 -0.00342963 0.0903894 -12.3872

0.0723324 0.0309733 -0.9969 87.644
0.00209275 0.999511 0.0312062 -1.80662
0.997378 -0.00434349 0.0722322 -11.8314

0.0667547 0.0326665 -0.997235 87.7015
0.00237116 0.999456 0.0328979 -1.95459
0.997767 -0.0045607 0.0666409 -11.8888

0.0610941 0.0338414 -0.997558 87.7611
0.00333294 0.999413 0.0341085 -2.06292
0.998126 -0.00540862 0.0609454 -11.9541

0.0507734 0.0370456 -0.998023 87.8682
0.00387135 0.999297 0.0372898 -2.34202
0.998703 -0.00575703 0.0505943 -12.223

0.0479406 0.0386774 -0.998101 87.8953
0.00345144 0.999238 0.0388872 -2.46972
0.998844 -0.00530917 0.0477705 -12.5974

0.0450606 0.0394432 -0.998205 87.9279
0.00302715 0.99921 0.0396195 -2.52692
0.99898 -0.00480699 0.0449056 -12.9818

0.041889 0.0447837 -0.998118 87.9516
0.00196914 0.998989 0.0449055 -2.97734
0.99912 -0.00384648 0.0417585 -14.0337

0.0428443 0.0486598 -0.997896 87.9221
0.00159191 0.998809 0.0487727 -3.31223
0.99908 -0.00367819 0.0427158 -14.8109

0.0493995 0.0535978 -0.99734 87.803
0.000936399 0.998556 0.0537096 -3.73127
0.998779 -0.00358713 0.049278 -16.8261

0.0538143 0.0542446 -0.997077 87.7261
0.000499318 0.998522 0.0543502 -3.78013
0.998551 -0.00342267 0.0537076 -17.9517

0.0579214 0.056196 -0.996738 87.6432
-0.00144203 0.998418 0.0562069 -3.90955
0.99832 -0.00181826 0.0579108 -19.0792

0.0663433 0.0533703 -0.996368 87.4993
-0.00512772 0.998574 0.053147 -3.57039
0.997784 0.00158315 0.0665224 -21.3883

0.0705928 0.0533886 -0.996075 87.4109
-0.00660529 0.99857 0.0530541 -3.52916
0.997483 0.00283412 0.0708445 -22.5626

0.0747939 0.0507562 -0.995906 87.3348
-0.00569206 0.998709 0.0504715 -3.30471
0.997183 0.0018938 0.0749863 -23.7365

0.0796349 0.0442277 -0.995842 87.2585
0.00382227 0.998994 0.0446733 -2.94914
0.996817 -0.00736394 0.0793858 -25.7605

0.0797607 0.0398719 -0.996016 87.284
0.00611464 0.999161 0.0404874 -2.60025
0.996795 -0.00931959 0.07945 -27.4017

0.0799389 0.0377121 -0.996086 87.2961
0.00459733 0.999259 0.0382012 -2.35817
0.996789 -0.0076331 0.0797063 -28.2481

0.0795997 0.0385137 -0.996083 87.3098
0.00337796 0.999237 0.0389056 -2.38122
0.996821 -0.0064616 0.0794089 -29.0474

0.0800955 0.0365108 -0.996118 87.3064
0.00244441 0.999319 0.0368246 -2.15971
0.996784 -0.00538441 0.0799517 -29.915

0.0806953 0.0326693 -0.996203 87.3101
0.00331916 0.999448 0.0330446 -1.81492
0.996733 -0.0059731 0.0805424 -31.6107

0.0793587 0.0293968 -0.996413 87.3699
0.00459698 0.999544 0.0298553 -1.54876
0.996836 -0.00694977 0.0791873 -32.3136

0.0729325 0.0240158 -0.997048 87.6015
0.00248103 0.999703 0.0242612 -0.967835
0.997334 -0.00424313 0.0728512 -33.3903

0.0683146 0.0221254 -0.997418 87.7606
0.000253552 0.999754 0.0221945 -0.711054
0.997664 -0.00176911 0.0682921 -33.799

0.0540406 0.0188429 -0.998361 88.2643
-0.00163147 0.999822 0.0187822 -0.324901
0.998537 0.000613798 0.0540617 -34.1638

0.0454479 0.0184506 -0.998796 88.5557
-0.000731236 0.99983 0.0184364 -0.310218
0.998966 -0.00010754 0.0454537 -34.2072

0.0355301 0.0186616 -0.999194 88.8916
-0.000647307 0.999826 0.0186504 -0.318784
0.999368 -1.58635e-05 0.035536 -34.1323

0.0147947 0.0187955 -0.999714 89.5893
-0.00259452 0.999821 0.0187591 -0.242811
0.999887 0.00231624 0.0148408 -33.882

0.00372985 0.0205161 -0.999783 89.9552
-0.00357223 0.999783 0.0205028 -0.35561
0.999987 0.00349499 0.00380233 -33.6771

-0.0072172 0.0203768 -0.999766 90.3181
-0.00351675 0.999786 0.0204026 -0.331941
0.999968 0.00366318 -0.00714399 -33.4747

-0.0287335 0.0212488 -0.999361 91.025
-0.00232967 0.99977 0.0213244 -0.42524
0.999584 0.00294091 -0.0286773 -33.0646

-0.0486542 0.0225729 -0.998561 91.675
-0.00116478 0.999743 0.0226564 -0.556024
0.998815 0.00226543 -0.0486154 -32.7924

-0.0675095 0.0240912 -0.997428 92.2776
-0.000655063 0.999707 0.0241906 -0.684861
0.997718 0.00228647 -0.0674739 -32.5597

-0.0758666 0.0250733 -0.996803 92.545
-0.00124094 0.999681 0.0252402 -0.744461
0.997117 0.00315186 -0.0758113 -32.5266

-0.0884991 0.0287437 -0.995661 92.9439
-0.00361587 0.999568 0.0291778 -0.98706
0.99607 0.00618239 -0.0883569 -32.8198

-0.0922508 0.0314597 -0.995239 93.058
-0.00572333 0.999467 0.0321238 -1.14475
0.995719 0.00865952 -0.0920217 -33.1898

-0.0951199 0.0326392 -0.994931 93.1562
-0.00712689 0.999414 0.0334677 -1.1942
0.99544 0.0102742 -0.0948316 -33.6371

-0.0979537 0.0335333 -0.994626 93.2582
-0.007831 0.999375 0.0344646 -1.22558
0.99516 0.0111649 -0.0976299 -34.7295

-0.0939748 0.0354826 -0.994942 93.1151
-0.00580264 0.999328 0.0361871 -1.43794
0.995558 0.00917397 -0.0937058 -36.4109

-0.0888594 0.0357273 -0.995403 92.9346
-0.00535378 0.999325 0.036346 -1.46214
0.99603 0.00855886 -0.0886081 -37.5145

-0.0694582 0.034919 -0.996974 92.1968
-0.00457475 0.999366 0.0353215 -1.38983
0.997574 0.00701427 -0.0692543 -40.5036

-0.0558105 0.0352468 -0.997819 91.6457
-0.00388992 0.999361 0.0355189 -1.4326
0.998434 0.00586376 -0.0556378 -42.3234

-0.0385171 0.0354901 -0.998627 90.9112
-0.00225492 0.999363 0.0356032 -1.51287
0.999255 0.00362316 -0.0384125 -44.444

0.00727206 0.0331747 -0.999423 88.8074
0.0033623 0.999443 0.0331998 -1.54959
0.999968 -0.00360179 0.00715647 -49.586

0.068431 0.030916 -0.997177 85.6397
0.00422304 0.999502 0.0312779 -1.40235
0.997647 -0.00635149 0.0682664 -55.9557

0.149222 0.0298427 -0.988353 80.8303
-0.00247388 0.999553 0.0298073 -0.916868
0.988801 -0.00200283 0.149229 -63.7602

0.194185 0.0285858 -0.980548 77.8699
-0.00654682 0.999591 0.0278444 -0.527673
0.980943 0.00101251 0.194292 -67.896

0.242727 0.0243468 -0.969789 74.4286
-0.0103263 0.999693 0.022513 0.164514
0.97004 0.00454981 0.242904 -72.1833

0.34879 0.0218982 -0.936945 65.9965
-0.0134745 0.999741 0.0183498 0.734494
0.937104 0.00622464 0.348994 -80.9702

0.40589 0.0252183 -0.913574 60.9128
-0.0128619 0.999678 0.0218807 0.386617
0.913832 0.00286919 0.406083 -85.3729

0.465481 0.0270186 -0.884645 55.1552
-0.00994152 0.999631 0.0252995 -0.0654038
0.885002 -0.0029817 0.465578 -89.69

0.582209 0.0257609 -0.812631 42.4014
-0.00206759 0.999542 0.0302048 -0.930541
0.813037 -0.0159053 0.581995 -97.3277

0.636546 0.0232893 -0.770887 35.687
0.000876446 0.999521 0.0309203 -1.16378
0.771238 -0.0203579 0.636221 -100.47

0.736491 0.0235619 -0.676037 21.585
-0.000887466 0.999426 0.0338661 -1.33045
0.676447 -0.0243421 0.736089 -105.35

0.780674 0.0213586 -0.624574 14.4333
-0.00314225 0.999537 0.0302536 -0.87922
0.624931 -0.0216556 0.78038 -107.041

0.8208 0.0212102 -0.570822 7.26932
-0.00786604 0.999635 0.025833 -0.206146
0.571162 -0.0167136 0.820667 -108.24

0.886476 0.0186888 -0.462397 -6.43016
-0.013457 0.999803 0.0146103 1.16079
0.462579 -0.00672918 0.886553 -109.234

0.911443 0.0154903 -0.411135 -12.6166
-0.0129516 0.999876 0.00896005 1.67295
0.411223 -0.00284171 0.91153 -109.156

0.930855 0.0124786 -0.365177 -18.0075
-0.0114207 0.999922 0.00505691 1.9668
0.365211 -0.000536682 0.930924 -108.859

0.95712 0.00224189 -0.289684 -26.6048
-0.0020181 0.999997 0.00107126 1.8287
0.289686 -0.000440713 0.957122 -108.032

0.965892 0.000270603 -0.258946 -30.0206
-9.60971e-06 0.999999 0.00100917 1.72478
0.258946 -0.000972263 0.965891 -107.609

0.97151 0.00649644 -0.236908 -32.4346
-0.00599471 0.999978 0.00283813 1.897
0.236921 -0.00133707 0.971528 -107.384

0.977971 0.00594082 -0.208654 -35.5083
-0.00545969 0.999981 0.00288172 1.87297
0.208667 -0.00167905 0.977985 -107.394

0.98003 0.000612787 -0.198851 -36.575
-0.000370607 0.999999 0.00125511 1.74642
0.198851 -0.00115635 0.980029 -107.541

0.98118 -0.00751056 -0.19295 -37.2149
0.00785052 0.999969 0.000997388 1.30791
0.192936 -0.00249337 0.981208 -107.84

0.981883 -0.012871 -0.189051 -37.6392
0.0143017 0.999878 0.00620544 0.433173
0.188948 -0.00879677 0.981948 -108.763

0.981413 -0.0106139 -0.191613 -37.3547
0.012761 0.999869 0.00997489 0.152393
0.191482 -0.0122347 0.98142 -109.417

0.979744 -0.00650021 -0.200149 -36.3928
0.0109677 0.999715 0.02122 -0.874988
0.199954 -0.0229853 0.979536 -110.877

0.978784 -0.0109716 -0.204602 -35.8826
0.0152481 0.999697 0.0193369 -0.925654
0.204328 -0.0220465 0.978654 -111.636

0.977482 -0.0145121 -0.210519 -35.1924
0.0179637 0.999734 0.0144929 -0.586373
0.210253 -0.0179483 0.977482 -112.463

0.976511 -0.0120875 -0.215126 -34.6585
0.0145699 0.999844 0.00995717 0.0884653
0.214972 -0.0128577 0.976535 -113.253

0.975756 -0.00891681 -0.218679 -34.2484
0.0102275 0.999936 0.0048622 0.877323
0.218622 -0.00698085 0.975785 -114.01

0.974422 -0.00231342 -0.224712 -33.5439
0.00241619 0.999997 0.000182372 1.84081
0.224711 -0.000720655 0.974425 -115.508

0.974312 0.00224374 -0.225191 -33.4794
-0.00132939 0.99999 0.00421191 1.64204
0.225198 -0.00380435 0.974306 -116.19

0.974343 0.004946 -0.225013 -33.4915
-0.00239044 0.99993 0.0116284 0.923837
0.225055 -0.0107921 0.974286 -116.863

0.974493 0.00412757 -0.224382 -33.5617
-0.000114932 0.99984 0.0178932 0.122674
0.22442 -0.017411 0.974337 -117.525

0.975678 0.00427445 -0.219166 -34.1803
-0.000536546 0.999853 0.0171118 0.240466
0.219207 -0.016578 0.975538 -118.765

0.976059 0.00662513 -0.217403 -34.393
-0.00449978 0.999937 0.0102696 1.22827
0.217458 -0.00904551 0.976028 -119.428

0.977052 0.00219983 -0.212991 -34.9308
-0.00135035 0.999991 0.00413374 1.7327
0.212998 -0.00375127 0.977045 -120.745

0.978314 -0.00157916 -0.20712 -35.6469
0.00441968 0.999902 0.0132523 0.383341
0.207079 -0.0138804 0.978226 -122.049

0.979108 0.000477966 -0.20334 -36.1046
0.00283468 0.999868 0.0159996 0.182052
0.203321 -0.0162418 0.978978 -122.68

0.979927 0.0026348 -0.199338 -36.5987
0.000308984 0.999891 0.0147353 0.486024
0.199355 -0.0145011 0.97982 -123.316

0.980649 0.00649964 -0.195668 -37.0537
-0.00389521 0.999899 0.0136923 0.862041
0.195737 -0.0126651 0.980575 -123.984

0.981048 0.00727369 -0.193628 -37.308
-0.00525255 0.999926 0.0109496 1.2704
0.193693 -0.00972507 0.981014 -124.715

0.981336 0.0158493 -0.191647 -37.5425
-0.0144041 0.999856 0.00893205 2.08087
0.191761 -0.00600484 0.981423 -126.261

0.981546 0.0152435 -0.190618 -37.6787
-0.0141472 0.999875 0.00711054 2.28442
0.190703 -0.00428261 0.981639 -127.036

0.981528 0.010839 -0.191009 -37.6292
-0.0094109 0.999921 0.00838207 1.84786
0.191085 -0.00642966 0.981552 -127.891

0.981498 0.00668731 -0.191354 -37.5856
-0.00468346 0.999929 0.0109223 1.2603
0.191414 -0.00982403 0.98146 -128.748

0.980674 -0.00724119 -0.195515 -37.0253
0.00911133 0.999921 0.00866751 0.693887
0.195437 -0.0102814 0.980662 -130.607

0.980148 -0.00997457 -0.198014 -36.6966
0.011424 0.999916 0.00617888 0.861087
0.197936 -0.00831833 0.98018 -131.559

0.979586 -0.00964678 -0.200792 -36.3131
0.0112328 0.999914 0.00676113 0.818312
0.200709 -0.00887857 0.979611 -132.526

0.979001 -0.000463807 -0.203855 -35.8845
0.00245055 0.999952 0.00949356 1.04446
0.20384 -0.00979376 0.978955 -134.371

0.978987 0.00774637 -0.203777 -35.8837
-0.00526477 0.999905 0.0127173 1.1348
0.203856 -0.0113773 0.978935 -135.23

0.97878 0.00837797 -0.204743 -35.7501
-0.00585194 0.999899 0.01294 1.14939
0.204831 -0.0114672 0.97873 -136.125

0.978448 0.00522932 -0.206429 -35.5229
-0.00339943 0.999952 0.00921819 1.47572
0.206467 -0.00831778 0.978418 -137.047

0.978084 -0.00159074 -0.208206 -35.2718
0.00124813 0.999998 -0.00177688 2.60778
0.208208 0.00147807 0.978083 -138.809

0.97783 0.000319464 -0.2094 -35.0988
0.000641178 0.99999 0.00451968 1.85586
0.2094 -0.00455374 0.97782 -139.715

0.977862 0.0127361 -0.208863 -35.156
-0.0066711 0.999536 0.0297168 -0.940371
0.209144 -0.0276656 0.977493 -141.39

0.978076 0.014129 -0.207769 -35.3077
-0.00996081 0.999728 0.0210944 0.405349
0.20801 -0.0185624 0.977951 -142.2

0.978395 0.0166588 -0.206071 -35.5471
-0.0167281 0.999859 0.0014063 3.45184
0.206066 0.00207126 0.978536 -142.958

0.978777 0.0145234 -0.204413 -35.7763
-0.0164964 0.999832 -0.00795115 4.71564
0.204263 0.0111545 0.978852 -144.567

0.979189 0.0103989 -0.202686 -36.035
-0.00921935 0.999935 0.00676301 2.27099
0.202743 -0.00475363 0.97922 -145.372

0.97939 0.0124459 -0.201593 -36.1882
-0.00969347 0.999846 0.0146347 1.24206
0.201744 -0.012379 0.97936 -146.179

0.979799 0.016902 -0.199269 -36.5227
-0.013952 0.999771 0.0161991 1.31394
0.199498 -0.0130917 0.979811 -146.925

0.98118 0.0181289 -0.192241 -37.5755
-0.0152975 0.999752 0.0162029 1.41871
0.192487 -0.0129572 0.981214 -148.318

0.982116 0.0176846 -0.187444 -38.2935
-0.0146669 0.99974 0.0174741 1.21177
0.187705 -0.0144123 0.98212 -148.955

0.983118 0.00762792 -0.182814 -38.9966
-0.00482284 0.999864 0.0157836 0.829408
0.182909 -0.0146355 0.983021 -150.409

0.983475 0.00611449 -0.180943 -39.2783
-0.00371946 0.999901 0.0135727 1.08025
0.181008 -0.0126754 0.9834 -151.154

0.984051 0.00965942 -0.177625 -39.7765
-0.00807993 0.999921 0.00961347 1.96042
0.177704 -0.00802494 0.984051 -152.65

0.984475 0.0119542 -0.175119 -40.1527
-0.00987548 0.99987 0.0127368 1.64657
0.175248 -0.0108097 0.984465 -153.365

0.985271 0.0170608 -0.170148 -40.9149
-0.0143137 0.999747 0.017359 1.2799
0.170401 -0.0146679 0.985266 -153.974

0.987306 0.0220695 -0.157286 -42.8926
-0.0199715 0.999689 0.0149069 2.01864
0.157566 -0.0115764 0.987441 -155.055

0.988267 0.0235835 -0.150903 -43.8802
-0.0227276 0.999714 0.00739449 3.3092
0.151035 -0.00387806 0.988521 -155.563

0.98956 0.0188425 -0.142885 -45.1451
-0.0197755 0.999791 -0.00511182 4.98402
0.142759 0.00788407 0.989726 -156.779

0.990161 0.0167043 -0.138934 -45.7574
-0.0169649 0.999856 -0.000691776 4.152
0.138902 0.00304197 0.990301 -157.417

0.991108 0.017915 -0.131848 -46.867
-0.016728 0.999809 0.0101045 2.52236
0.132004 -0.00780908 0.991218 -157.916

0.991858 0.0224939 -0.125343 -47.8792
-0.0206046 0.999654 0.0163494 1.84348
0.125667 -0.0136337 0.991979 -158.43

0.993648 0.0161976 -0.111361 -50.1087
-0.0150652 0.999826 0.0110025 2.30611
0.11152 -0.00925492 0.993719 -159.356

0.994539 0.0108708 -0.103801 -51.3135
-0.00963081 0.999876 0.0124392 1.72423
0.103923 -0.0113716 0.99452 -159.788

0.995523 0.00895231 -0.0940924 -52.8619
-0.0072697 0.999808 0.0182101 0.68631
0.0942374 -0.0174446 0.995397 -160.094

0.996274 0.0103529 -0.0856155 -54.2117
-0.00857768 0.999741 0.0210769 0.331089
0.0858116 -0.0202639 0.996105 -160.463

0.997576 0.00709697 -0.0692196 -56.8443
-0.0063315 0.999916 0.0112717 1.72661
0.0692938 -0.0108061 0.997538 -161.196

0.99814 0.00349407 -0.0608589 -58.1911
-0.00315645 0.999979 0.00564286 2.40617
0.0608774 -0.00544027 0.99813 -161.53

0.998579 0.00476117 -0.0530727 -59.4405
-0.00463419 0.999986 0.00251532 3.01357
0.053084 -0.00226579 0.998587 -161.896

0.998912 0.00503064 -0.0463702 -60.5177
-0.00501009 0.999987 0.000559292 3.36762
0.0463725 -0.000326364 0.998924 -162.308

0.999283 0.00207136 -0.0378108 -61.907
-0.00178824 0.99997 0.00752018 2.06387
0.0378252 -0.00744718 0.999257 -163.448

0.999413 -0.00323971 -0.0340948 -62.5167
0.00372019 0.999895 0.0140384 0.648018
0.0340457 -0.014157 0.99932 -164.04

0.999592 -0.00613822 -0.0279079 -63.5231
0.00642309 0.999928 0.0101293 1.11437
0.0278437 -0.0103044 0.999559 -165.295

0.999645 -0.00848939 -0.0252354 -63.9627
0.00848846 0.999964 -0.000143768 2.66708
0.0252357 -7.04927e-05 0.999682 -165.943

0.999849 -0.00550513 -0.0164971 -65.3979
0.00544069 0.999977 -0.00394844 3.53493
0.0165184 0.00385808 0.999856 -167.006

0.999912 0.0071368 -0.0112048 -66.2456
-0.00706743 0.999956 0.0062185 2.70861
0.0112487 -0.00613876 0.999918 -167.507

0.999976 0.0064244 0.00249946 -68.5275
-0.00644926 0.999929 0.0100657 2.02087
-0.00243462 -0.0100816 0.999946 -168.241

0.999906 0.00914501 0.0101919 -69.8029
-0.00918846 0.999949 0.00422427 3.2041
-0.0101528 -0.00431752 0.999939 -168.541

0.99944 0.0237071 0.0236331 -72.0036
-0.0236378 0.999715 -0.00320798 5.46929
-0.0237024 0.00264755 0.999716 -169.226

0.999175 0.027724 0.0296702 -72.9973
-0.027637 0.999612 -0.0033374 5.78268
-0.0297512 0.00251465 0.999554 -169.632

0.998215 0.0409585 0.0434606 -75.2563
-0.0415715 0.999047 0.0132945 3.87677
-0.0428746 -0.0150775 0.998967 -170.369

0.997483 0.0506376 0.0496398 -76.2556
-0.0515376 0.998526 0.0170196 3.90322
-0.0487048 -0.0195351 0.998622 -170.762

0.997289 0.0475676 0.0561498 -77.3797
-0.0481868 0.998791 0.00972435 4.95416
-0.0556194 -0.0124037 0.998375 -171.068

0.997237 0.0337314 0.0661794 -79.1506
-0.0331035 0.999396 -0.0105611 7.53545
-0.0664957 0.00834119 0.997752 -171.844

0.996964 0.0343662 0.0698634 -79.7734
-0.0339085 0.999395 -0.00772669 7.10559
-0.0700866 0.00533427 0.997527 -172.413

0.997021 0.0215662 0.0740602 -80.5325
-0.0226197 0.999654 0.0134164 2.58095
-0.0737453 -0.0150517 0.997164 -173.849

0.996801 0.0235152 0.0763802 -80.9224
-0.0248996 0.999542 0.0172227 2.04789
-0.0759402 -0.0190694 0.99693 -174.52

0.996441 0.0295837 0.0789261 -81.3396
-0.0306062 0.999462 0.0117762 3.42663
-0.0785352 -0.01415 0.996811 -175.17

0.996464 0.0291461 0.0788051 -81.3127
-0.02905 0.999575 -0.00236551 5.91321
-0.0788406 6.78619e-05 0.996887 -176.836

0.996317 0.0294815 0.0805169 -81.6092
-0.0294419 0.999565 -0.00167986 5.83263
-0.0805315 -0.000696899 0.996752 -177.558

0.995412 0.0433892 0.0852795 -82.3926
-0.0450951 0.998817 0.0181791 3.2308
-0.0843899 -0.0219413 0.996191 -178.963

0.994728 0.0538212 0.0872935 -82.6934
-0.0558983 0.998204 0.0215251 3.32799
-0.0859783 -0.0262912 0.99595 -179.684

0.994743 0.0516172 0.0884398 -82.913
-0.0533146 0.998434 0.0169375 4.019
-0.087427 -0.0215636 0.995938 -180.426

0.994678 0.0468267 0.0917745 -83.5394
-0.0472865 0.998877 0.00284136 6.2951
-0.0915384 -0.00716594 0.995776 -181.769

0.994589 0.0477121 0.092283 -83.621
-0.0485204 0.998801 0.00653396 5.69379
-0.0918606 -0.0109762 0.995711 -182.597

0.994604 0.0476904 0.0921353 -83.5908
-0.0490723 0.998713 0.0127898 4.54824
-0.0914068 -0.0172421 0.995664 -183.482

0.99487 0.040873 0.0925399 -83.6979
-0.0423265 0.999009 0.0137981 3.91423
-0.0918841 -0.0176442 0.995613 -184.284

0.994946 0.0351605 0.0940572 -83.9985
-0.0361056 0.999313 0.00836453 4.56599
-0.0936985 -0.0117182 0.995532 -185.804

0.995054 0.0320493 0.0940271 -84.0004
-0.0327571 0.999445 0.00599349 4.81581
-0.0937829 -0.0090439 0.995552 -186.626

0.995048 0.0295697 0.0948905 -84.169
-0.0303096 0.99952 0.00636507 4.60026
-0.0946568 -0.00920965 0.995467 -187.383

0.994914 0.0295566 0.0962915 -84.4286
-0.0311925 0.999393 0.015528 2.89213
-0.0957741 -0.0184526 0.995232 -188.937

0.99483 0.02843 0.0974936 -84.6576
-0.0300866 0.999426 0.0155638 2.8132
-0.0969952 -0.0184166 0.995114 -189.65

0.994553 0.0287974 0.100177 -85.1661
-0.0295391 0.999546 0.00592843 4.68863
-0.0999613 -0.0088553 0.994952 -190.189

0.993963 0.0387998 0.102622 -85.5788
-0.0383687 0.999245 -0.00617271 7.71361
-0.102784 0.00219798 0.994701 -191.498

0.993859 0.0400258 0.103159 -85.672
-0.0403097 0.999187 0.000667861 6.48585
-0.103048 -0.00482206 0.994665 -192.255

0.994049 0.038991 0.101713 -85.3889
-0.0403632 0.999119 0.0114668 4.34045
-0.101177 -0.0155041 0.994748 -193.901

0.993971 0.0417466 0.101384 -85.3115
-0.0434291 0.998952 0.0144452 3.95307
-0.100674 -0.0187611 0.994743 -194.642

0.994065 0.0454949 0.098821 -84.7893
-0.0475628 0.998694 0.0186709 3.37624
-0.0978425 -0.0232603 0.99493 -195.568

0.994815 0.0474792 0.0899405 -83.0328
-0.0490076 0.998688 0.0148616 4.2579
-0.0891169 -0.0191923 0.995836 -197.658

0.995546 0.0438121 0.0834845 -81.7695
-0.0444295 0.998997 0.00555117 5.88024
-0.0831576 -0.00923561 0.996494 -198.827

0.996259 0.0380496 0.0775948 -80.6244
-0.0383077 0.999264 0.00184036 6.25556
-0.0774677 -0.00480596 0.996983 -199.952

0.996721 0.0372485 0.0718352 -79.4735
-0.0376023 0.999286 0.00357826 5.86078
-0.0716506 -0.00626769 0.99741 -201.078

0.997604 0.0385231 0.0574612 -76.5555
-0.0397446 0.999004 0.0202686 2.55908
-0.0566232 -0.0225038 0.998142 -203.587

0.99808 0.0360445 0.0503728 -75.1207
-0.0373515 0.998983 0.0252505 1.37684
-0.0494115 -0.0270835 0.998411 -204.775

0.99838 0.0370358 0.0432044 -73.6447
-0.0381002 0.998984 0.0240778 1.66973
-0.0422688 -0.0256849 0.998776 -205.96

0.998233 0.0502869 0.0316568 -71.1779
-0.0506789 0.998646 0.0117053 5.10753
-0.0310253 -0.013289 0.99943 -208.086

0.998055 0.0565943 0.0261344 -69.9852
-0.0568801 0.998328 0.0103277 5.80615
-0.0255062 -0.0117941 0.999605 -209.118

0.998371 0.0526851 0.0218912 -69.1253
-0.052871 0.998569 0.00799872 6.05465
-0.0214384 -0.0091431 0.999728 -210.676

0.998391 0.0522666 0.0219712 -69.1442
-0.052425 0.998602 0.00669158 6.30023
-0.0215908 -0.00783266 0.999736 -211.323

0.998397 0.0513115 0.0238731 -69.5758
-0.0513837 0.998676 0.00242314 7.15662
-0.0237172 -0.00364595 0.999712 -212.465

0.998965 0.0383349 0.0244782 -69.7671
-0.0387568 0.999104 0.0169996 3.21775
-0.0238046 -0.0179307 0.999556 -213.78

0.998806 0.0407727 0.026912 -70.2713
-0.0414579 0.998817 0.0254133 1.58407
-0.025844 -0.0264987 0.999315 -214.281

0.998385 0.0449047 0.0348089 -71.9335
-0.0457787 0.998645 0.0247311 1.99842
-0.0336512 -0.0262846 0.999088 -215.05

0.998544 0.0378969 0.0383896 -72.73
-0.0384184 0.999178 0.0129399 4.09246
-0.0378677 -0.0143959 0.999179 -215.433

0.998145 0.0429203 0.0431724 -73.7256
-0.0429047 0.999078 -0.0012879 7.49769
-0.0431879 -0.000566783 0.999067 -215.689

0.99741 0.0514721 0.050233 -75.1925
-0.0510697 0.998652 -0.0092609 9.79872
-0.050642 0.00667153 0.998695 -216.474

0.997185 0.0490559 0.0567033 -76.6017
-0.0494462 0.998762 0.00549991 6.45583
-0.0563632 -0.00828819 0.998376 -217.47

0.996579 0.0575449 0.0593193 -77.1188
-0.0582418 0.998252 0.0100857 5.99982
-0.0586352 -0.0135061 0.998188 -218.001

0.996006 0.0655859 0.0605783 -77.3394
-0.0660025 0.997807 0.00489943 7.65103
-0.0601242 -0.00887818 0.998151 -218.588

0.99539 0.072786 0.062453 -77.6964
-0.0729487 0.997336 0.000325995 9.12525
-0.0622629 -0.00488036 0.998048 -219.118

0.994737 0.0788027 0.0654893 -78.316
-0.0789927 0.996875 0.000311877 9.53679
-0.0652601 -0.00548341 0.997853 -220.294

0.994208 0.0844136 0.066512 -78.4914
-0.0849058 0.996378 0.00460491 8.95466
-0.0658824 -0.0102255 0.997775 -220.956

0.993313 0.0935963 0.0675993 -78.65
-0.0941323 0.995548 0.00478063 9.51409
-0.0668509 -0.0111119 0.997701 -221.582

0.992947 0.0962683 0.0691988 -78.9778
-0.0963026 0.995348 -0.00284763 11.402
-0.069151 -0.00383648 0.997599 -222.777

0.992786 0.0973074 0.0700475 -79.1589
-0.0971626 0.995253 -0.0054805 12.0643
-0.0702483 -0.00136502 0.997529 -223.383

0.992293 0.101715 0.0707676 -79.2744
-0.102236 0.994753 0.00377118 10.294
-0.0700127 -0.0109771 0.997486 -224.809

0.992223 0.101994 0.0713554 -79.4031
-0.103546 0.994455 0.0183893 7.0151
-0.0690841 -0.0256349 0.997281 -226.242

0.992559 0.0990117 0.0708746 -79.3168
-0.10046 0.994793 0.0171683 7.10937
-0.0688057 -0.0241606 0.997337 -226.925

0.992423 0.100522 0.07066 -79.2468
-0.101539 0.994771 0.0109368 8.62874
-0.0691912 -0.0180286 0.997441 -227.558

0.991983 0.103939 0.0718784 -79.4938
-0.104067 0.994568 -0.0019789 11.8255
-0.0716937 -0.00551713 0.997411 -228.616

0.992048 0.10278 0.0726387 -79.6772
-0.10268 0.994701 -0.00512849 12.4865
-0.072781 -0.00237082 0.997345 -229.134

0.990428 0.112053 0.0806014 -81.4086
-0.111745 0.993702 -0.00833871 13.8287
-0.0810282 -0.000747883 0.996712 -229.634

0.989233 0.116222 0.0889399 -83.2811
-0.116057 0.993218 -0.0070367 13.8073
-0.0891545 -0.00336119 0.996012 -229.528

0.987916 0.118601 0.0997805 -85.7417
-0.118824 0.992908 -0.00372081 13.208
-0.0995142 -0.00818049 0.995003 -229.201

0.983914 0.11947 0.13282 -93.2872
-0.120806 0.992674 0.00201723 11.9771
-0.131606 -0.0180302 0.991138 -227.344

0.980254 0.122891 0.154918 -98.2891
-0.124392 0.992233 5.61672e-07 12.6891
-0.153715 -0.0192712 0.987927 -225.706

0.976347 0.120528 0.179497 -103.891
-0.122021 0.992524 -0.00273718 13.1951
-0.178485 -0.0192301 0.983755 -223.656

0.963211 0.122431 0.23924 -117.297
-0.124265 0.992221 -0.0074638 14.4862
-0.238293 -0.0225398 0.970932 -217.832

0.954269 0.118668 0.274388 -125.146
-0.122046 0.992513 -0.00479267 13.7199
-0.272903 -0.0289145 0.961607 -213.921

0.942951 0.112043 0.313513 -133.828
-0.117832 0.993033 -0.00048692 12.4359
-0.311383 -0.0364827 0.949584 -209.134

0.911577 0.0974044 0.399425 -152.549
-0.108888 0.994035 0.0061006 10.2974
-0.396448 -0.0490539 0.916746 -196.878

0.891736 0.0841567 0.444663 -162.253
-0.0994305 0.994983 0.0110898 8.51696
-0.441499 -0.0541023 0.895629 -189.453

0.841435 0.0508114 0.537964 -181.779
-0.075335 0.996877 0.023676 4.01222
-0.535081 -0.0604493 0.842635 -171.742

0.8098 0.0377852 0.585488 -191.382
-0.0666449 0.997389 0.0278102 2.48327
-0.582908 -0.0615405 0.810204 -161.379

0.736272 0.0191544 0.676414 -208.991
-0.0517763 0.998264 0.0280898 1.52385
-0.674702 -0.055704 0.735985 -138.581

0.696291 0.0114156 0.717669 -216.61
-0.0404422 0.998909 0.0233485 1.99983
-0.716619 -0.0452814 0.695993 -126.695

0.611341 -0.00517712 0.79135 -229.472
-0.0205738 0.999537 0.022433 1.04382
-0.7911 -0.0299953 0.610951 -102.272

0.566261 -0.009204 0.824175 -234.782
-0.0171839 0.999588 0.0229694 0.714499
-0.824047 -0.0271692 0.56587 -89.7128

0.468247 -0.0101635 0.883539 -243.45
-0.0173502 0.999635 0.020694 1.29662
-0.883428 -0.0250195 0.467899 -63.0891

0.362408 -0.00375803 0.932012 -249.059
-0.0312117 0.999382 0.0161662 3.19702
-0.931497 -0.0349485 0.362066 -35.2791

0.307744 -0.00470452 0.951458 -250.652
-0.0362651 0.999203 0.0166704 3.3578
-0.950778 -0.0396349 0.307328 -21.2187

0.256037 -0.00820962 0.966632 -251.398
-0.0387301 0.999074 0.0187438 2.98634
-0.965891 -0.0422369 0.255482 -8.11097

0.159868 -0.0149106 0.987026 -250.935
-0.0373705 0.999078 0.0211455 2.3233
-0.986431 -0.0402661 0.159163 15.7462

0.116441 -0.0164453 0.993061 -249.972
-0.0383484 0.999043 0.0210409 2.40528
-0.992457 -0.0405323 0.115698 26.2594

0.0405895 -0.0197555 0.998981 -247.22
-0.0401387 0.998965 0.0213861 2.43701
-0.998369 -0.0409658 0.0397545 44.2218

0.0115493 -0.0231708 0.999665 -245.805
-0.0428194 0.998803 0.0236455 2.02723
-0.999016 -0.0430782 0.0105433 50.8981

-0.0139612 -0.0245102 0.999602 -244.403
-0.0448884 0.998707 0.0238613 2.08811
-0.998894 -0.0445374 -0.0150434 56.6436

-0.0546542 -0.0304738 0.99804 -241.848
-0.0478276 0.998467 0.0278677 1.26736
-0.997359 -0.0462108 -0.0560278 65.5379

-0.0793485 -0.0361212 0.996192 -240.112
-0.0497147 0.998243 0.0322357 0.318526
-0.995606 -0.0469676 -0.0810048 70.4499

-0.0855968 -0.0362816 0.995669 -239.658
-0.0513017 0.998172 0.0319625 0.470702
-0.995008 -0.0483436 -0.0873016 71.3673

-0.089355 -0.0369461 0.995314 -239.387
-0.05146 0.998148 0.0324315 0.369183
-0.99467 -0.048321 -0.0910908 71.6685

-0.0913028 -0.0360362 0.995171 -239.243
-0.0512251 0.998192 0.0314459 0.598549
-0.994505 -0.0481067 -0.0929837 71.5017

-0.0930485 -0.0347724 0.995054 -239.12
-0.0504821 0.998269 0.0301641 0.879131
-0.994381 -0.0474257 -0.0946428 70.6003

-0.0926382 -0.0334873 0.995137 -239.154
-0.0503191 0.998315 0.02891 1.18222
-0.994428 -0.0473962 -0.0941671 69.8014

-0.0916464 -0.0285853 0.995381 -239.231
-0.0549084 0.998212 0.0236111 2.68991
-0.994277 -0.052491 -0.0930522 68.0717

-0.0905257 -0.0272374 0.995522 -239.307
-0.0561526 0.998175 0.0222039 3.08876
-0.99431 -0.0538911 -0.09189 67.0328

-0.0894198 -0.0277217 0.995608 -239.375
-0.0567462 0.998131 0.0226953 2.99549
-0.994376 -0.0544675 -0.0908257 66.0084

-0.0880141 -0.027813 0.995731 -239.463
-0.0568859 0.998119 0.0228515 2.96496
-0.994494 -0.0546318 -0.0894307 64.8833

-0.0855302 -0.0229802 0.996071 -239.627
-0.0551615 0.99831 0.0182953 4.01135
-0.994807 -0.0533799 -0.0866533 62.6008

-0.0839258 -0.0200283 0.996271 -239.727
-0.0551652 0.998358 0.0154232 4.71188
-0.994944 -0.0536651 -0.0848928 61.3343

-0.0831339 -0.0186192 0.996364 -239.778
-0.0544896 0.998415 0.0141111 5.01093
-0.995048 -0.0531184 -0.0840167 60.2581

-0.0815919 -0.0179486 0.996504 -239.862
-0.0520706 0.998549 0.013722 5.01147
-0.995305 -0.0507689 -0.0824081 59.0122

-0.0806011 -0.0139306 0.996649 -239.912
-0.0428624 0.999026 0.0104975 5.46232
-0.995824 -0.0418726 -0.0811197 56.9981

-0.0803856 -0.0128896 0.99668 -239.919
-0.0415106 0.999092 0.00957281 5.65629
-0.995899 -0.0406033 -0.0808476 56.0541

-0.0827874 -0.0112781 0.996503 -239.77
-0.048132 0.998814 0.00730556 6.47404
-0.995404 -0.0473589 -0.0832321 54.8127

-0.0848135 -0.0088396 0.996358 -239.646
-0.0485445 0.99881 0.00472908 7.1267
-0.995214 -0.0479666 -0.0851416 54.381

-0.0874777 -0.00635861 0.996146 -239.485
-0.0431422 0.999066 0.00258866 7.48053
-0.995232 -0.0427495 -0.0876703 54.1473

-0.0941333 -0.00258447 0.995556 -239.102
-0.0328264 0.999461 -0.000509249 7.93376
-0.995018 -0.0327285 -0.0941674 54.0021

-0.0970377 -7.23119e-05 0.995281 -238.922
-0.0325851 0.999464 -0.00310436 8.57357
-0.994747 -0.0327326 -0.096988 53.8058

-0.0997991 0.000306271 0.995008 -238.762
-0.0339901 0.999415 -0.00371683 8.77866
-0.994427 -0.0341913 -0.0997304 53.5752

-0.105284 -0.00147619 0.994441 -238.472
-0.0391379 0.99923 -0.00266033 8.68552
-0.993672 -0.0392004 -0.105261 53.1147

-0.107031 -0.000975363 0.994255 -238.369
-0.0397224 0.999205 -0.00329588 8.8648
-0.993462 -0.0398469 -0.106985 52.6545

-0.108161 -0.00489897 0.994121 -238.321
-0.0413152 0.999146 0.00042862 8.01577
-0.993275 -0.041026 -0.108271 52.0836

-0.10933 -0.0109245 0.993945 -238.272
-0.048004 0.998831 0.00569797 6.93105
-0.992846 -0.0470904 -0.109727 50.6506

-0.10861 -0.0124643 0.994006 -238.31
-0.049041 0.998771 0.00716561 6.60606
-0.992874 -0.0479688 -0.109088 49.6275

-0.106829 -0.0125263 0.994198 -238.392
-0.0487689 0.998783 0.00734367 6.5708
-0.993081 -0.0477015 -0.10731 48.3433

-0.102866 -0.00938492 0.994651 -238.559
-0.0474861 0.998862 0.00451369 7.25381
-0.993561 -0.0467678 -0.103194 45.6468

-0.101285 -0.00697509 0.994833 -238.622
-0.0463116 0.998924 0.00228874 7.78127
-0.993779 -0.0458405 -0.101499 44.3989

-0.0999708 -0.000942234 0.99499 -238.645
-0.0437707 0.999036 -0.00345176 9.13399
-0.994027 -0.0438964 -0.0999156 43.1909

-0.0971389 0.00550224 0.995256 -238.725
-0.0445069 0.99896 -0.00986668 10.7276
-0.994275 -0.0452542 -0.096793 40.746

-0.0955005 0.00988179 0.99538 -238.756
-0.0443376 0.998916 -0.0141708 11.7848
-0.994441 -0.0454861 -0.0949589 38.6337

-0.095704 0.0124341 0.995332 -238.724
-0.040344 0.999052 -0.0163598 12.2634
-0.994592 -0.0417214 -0.0951116 37.8778

-0.0962946 0.0109605 0.995293 -238.708
-0.0363736 0.999233 -0.014523 11.7712
-0.994688 -0.0376008 -0.0958221 37.2614

-0.0978102 0.00947575 0.99516 -238.656
-0.0342302 0.999331 -0.0128798 11.355
-0.994616 -0.0353243 -0.0974204 36.8414

-0.102792 0.00792775 0.994671 -238.468
-0.0388403 0.999174 -0.0119775 11.2234
-0.993944 -0.0398645 -0.102399 36.3759

-0.106586 0.00741221 0.994276 -238.328
-0.0420545 0.999044 -0.011956 11.2683
-0.993414 -0.0430881 -0.106172 36.4396

-0.110913 0.00648581 0.993809 -238.168
-0.0434888 0.998989 -0.0113732 11.1551
-0.992878 -0.0444809 -0.110519 36.6647

-0.115681 0.00487614 0.993274 -237.994
-0.0442419 0.99897 -0.0100567 10.8596
-0.992301 -0.0451078 -0.115346 37.0126

-0.124931 7.16023e-05 0.992165 -237.665
-0.0427732 0.99907 -0.005458 9.75703
-0.991243 -0.04312 -0.124812 37.698

-0.129032 -0.00302732 0.991636 -237.518
-0.0400607 0.999195 -0.00216233 8.95851
-0.990831 -0.0400046 -0.12905 37.9459

-0.132908 -0.00777007 0.991098 -237.391
-0.0389776 0.999237 0.0026069 7.82024
-0.990362 -0.0382841 -0.13311 38.1393

-0.137666 -0.0163747 0.990343 -237.232
-0.0412371 0.999091 0.0107871 5.89589
-0.98962 -0.0393539 -0.138216 37.7857

-0.139004 -0.0212228 0.990064 -237.188
-0.0422875 0.998986 0.0154769 4.78769
-0.989388 -0.039716 -0.139761 37.3903

-0.139902 -0.0240576 0.989873 -237.155
-0.0420273 0.998948 0.0183384 4.11461
-0.989273 -0.0390361 -0.140766 36.8799

-0.140552 -0.0280477 0.989676 -237.125
-0.0422314 0.998859 0.0223104 3.18488
-0.989172 -0.0386596 -0.141576 35.5957

-0.140109 -0.0307154 0.98966 -237.135
-0.0421074 0.998799 0.0250378 2.54612
-0.98924 -0.0381639 -0.141234 34.8047

-0.138039 -0.033633 0.989856 -237.191
-0.0414496 0.998744 0.0281547 1.81538
-0.989559 -0.0371427 -0.139259 32.9517

-0.135267 -0.0338581 0.99023 -237.276
-0.0399594 0.998789 0.0286923 1.70628
-0.990003 -0.0356879 -0.136457 31.6254

-0.129535 -0.0357894 0.990929 -237.445
-0.0402758 0.998714 0.0308057 1.23025
-0.990757 -0.03592 -0.13081 28.9758

-0.126497 -0.0350559 0.991347 -237.529
-0.041512 0.998687 0.0300184 1.42495
-0.991098 -0.0373556 -0.127786 27.6089

-0.121534 -0.029573 0.992147 -237.669
-0.0422814 0.998803 0.0245921 2.74139
-0.991686 -0.0389606 -0.122639 25.1443

-0.118383 -0.0291739 0.992539 -237.743
-0.041307 0.998848 0.0244325 2.79474
-0.992108 -0.0381064 -0.119452 23.8132

-0.114827 -0.0284158 0.992979 -237.83
-0.0400618 0.99891 0.0239528 2.92397
-0.992577 -0.0370301 -0.11584 22.388

-0.11104 -0.0285709 0.993405 -237.915
-0.0402533 0.998896 0.0242294 2.866
-0.993 -0.0372974 -0.112067 20.9254

-0.106964 -0.0271653 0.993892 -238.008
-0.0404956 0.998916 0.0229445 3.1833
-0.993438 -0.037794 -0.107948 19.3824

-0.0980292 -0.0236382 0.994903 -238.153
-0.0383523 0.999065 0.0199582 3.94405
-0.994444 -0.0362003 -0.0988441 16.1942

-0.0941866 -0.0200203 0.995353 -238.208
-0.0371685 0.999171 0.0165799 4.7692
-0.99486 -0.0354342 -0.0948526 14.7584

-0.0903112 -0.0190522 0.995731 -238.271
-0.0357983 0.999233 0.0158724 4.95636
-0.99527 -0.034212 -0.090924 13.3531

-0.0804235 -0.0179825 0.996599 -238.389
-0.0329667 0.999338 0.0153716 5.11874
-0.996215 -0.0316183 -0.0809631 10.1062

-0.0758037 -0.0157617 0.996998 -238.434
-0.0323395 0.999388 0.0133407 5.6139
-0.996598 -0.0312311 -0.076267 8.56337

-0.0698569 -0.0143736 0.997453 -238.475
-0.0312444 0.999437 0.012214 5.90559
-0.997068 -0.0303116 -0.0702666 6.74468

-0.0582645 -0.00902847 0.99826 -238.518
-0.032483 0.999447 0.00714329 7.11881
-0.997773 -0.0320103 -0.0585256 3.18946

-0.0524675 -0.00699255 0.998598 -238.525
-0.0330434 0.99944 0.00526231 7.56448
-0.998076 -0.032721 -0.0526692 1.43757

-0.0424628 -0.00428731 0.999089 -238.514
-0.0341119 0.999414 0.0028389 8.13858
-0.998516 -0.0339603 -0.0425841 -1.61611

-0.037785 -0.00345577 0.99928 -238.497
-0.0332956 0.999443 0.00219735 8.30756
-0.998731 -0.0331886 -0.0378791 -3.00701

-0.0299958 7.22583e-05 0.99955 -238.445
-0.0350446 0.999385 -0.00112391 9.09098
-0.998936 -0.0350625 -0.0299748 -5.39643

-0.0268571 0.00225145 0.999637 -238.412
-0.0399325 0.999197 -0.00332332 9.55772
-0.998841 -0.0400072 -0.0267457 -6.40449

-0.0243331 0.00483447 0.999692 -238.376
-0.0435352 0.999035 -0.00589096 10.1244
-0.998756 -0.0436652 -0.0240992 -7.24149

-0.0223381 0.00524663 0.999737 -238.359
-0.0434563 0.999036 -0.00621394 10.2016
-0.998806 -0.0435837 -0.0220886 -7.86924

-0.0201328 0.00583514 0.99978 -238.34
-0.0433101 0.999039 -0.00670296 10.3141
-0.998859 -0.0434356 -0.0198607 -8.62865

-0.0194928 0.00680043 0.999787 -238.328
-0.0459038 0.998916 -0.00768949 10.5111
-0.998756 -0.0460439 -0.0191595 -8.89977

-0.0187782 0.00774011 0.999794 -238.312
-0.0476487 0.998827 -0.00862757 10.7187
-0.998688 -0.0478009 -0.0183874 -9.21691

-0.0187822 0.00792838 0.999792 -238.312
-0.0475107 0.998832 -0.0088133 10.7644
-0.998694 -0.0476664 -0.0183836 -9.25968

-0.018767 0.00819054 0.99979 -238.309
-0.0472936 0.99884 -0.00907049 10.8336
-0.998705 -0.0474539 -0.0183579 -9.29453

-0.018803 0.00862013 0.999786 -238.304
-0.0466309 0.998867 -0.00948919 10.9486
-0.998735 -0.0467994 -0.0183797 -9.30514

-0.0190368 0.00910301 0.999777 -238.303
-0.0465384 0.998867 -0.00998086 11.0683
-0.998735 -0.046718 -0.0185916 -9.25067

-0.0191236 0.0094382 0.999773 -238.303
-0.0476274 0.998812 -0.0103401 11.1411
-0.998682 -0.0478143 -0.0186514 -9.24547

-0.0192286 0.00957129 0.999769 -238.306
-0.0485793 0.998764 -0.010496 11.1818
-0.998634 -0.0487699 -0.0187399 -9.23491

-0.0192019 0.0109389 0.999756 -238.292
-0.0484138 0.998757 -0.0118578 11.502
-0.998643 -0.0486297 -0.0186484 -9.26024

-0.0192688 0.0115609 0.999748 -238.285
-0.0481527 0.998762 -0.0124776 11.6585
-0.998654 -0.048381 -0.0186882 -9.25109

-0.0191784 0.0122481 0.999741 -238.278
-0.047988 0.998761 -0.0131566 11.8285
-0.998664 -0.0482279 -0.0185669 -9.29819

-0.0191278 0.0125811 0.999738 -238.271
-0.0474648 0.998782 -0.0134772 11.9176
-0.99869 -0.0477101 -0.0185073 -9.33234

-0.0191153 0.0129506 0.999733 -238.266
-0.0470552 0.998796 -0.0138382 12.0149
-0.998709 -0.0473071 -0.0184829 -9.35431

-0.0189477 0.0139978 0.999722 -238.249
-0.0478853 0.998742 -0.0148916 12.258
-0.998673 -0.0481542 -0.0182536 -9.47421

-0.018619 0.0144573 0.999722 -238.241
-0.0501463 0.998624 -0.0153753 12.3447
-0.998568 -0.0504186 -0.0178684 -9.63109

-0.016815 0.0153974 0.99974 -238.217
-0.0548473 0.998362 -0.0162986 12.4965
-0.998353 -0.0551071 -0.0159429 -10.2675

-0.0144119 0.0158183 0.999771 -238.191
-0.0562541 0.998278 -0.0166056 12.5464
-0.998312 -0.0564806 -0.0134973 -10.9679

-0.00538925 0.01768 0.999829 -238.069
-0.0591753 0.998086 -0.0179681 12.8309
-0.998233 -0.059262 -0.00433272 -13.4426

0.00246994 0.0182696 0.99983 -237.956
-0.0607482 0.997989 -0.0180859 12.8325
-0.99815 -0.0606932 0.00357482 -15.5043

0.0120432 0.018994 0.999747 -237.803
-0.0613134 0.997952 -0.0182213 12.8542
-0.998046 -0.0610784 0.0131831 -17.9695

0.0379579 0.0189572 0.999099 -237.296
-0.0619449 0.997942 -0.0165818 12.4586
-0.997358 -0.0612597 0.0390541 -24.5302

0.0542882 0.0198599 0.998328 -236.878
-0.0608795 0.998008 -0.016543 12.4669
-0.996668 -0.0598796 0.0553891 -28.6255

0.0731084 0.0222167 0.997077 -236.305
-0.0564145 0.998243 -0.0181062 12.904
-0.995727 -0.0549258 0.0742333 -33.3058

0.120026 0.0238162 0.992485 -234.508
-0.0518669 0.998497 -0.0176879 12.8733
-0.991415 -0.0493541 0.121081 -44.87

0.17648 0.0325365 0.983766 -231.512
-0.0532332 0.998306 -0.0234678 14.2256
-0.982864 -0.0482274 0.177913 -58.8309

0.244809 0.0452459 0.968515 -226.718
-0.0521544 0.998079 -0.0334441 16.6294
-0.968168 -0.0423249 0.246698 -75.5445

0.285238 0.0498249 0.957161 -223.316
-0.0478809 0.998142 -0.0376894 17.7274
-0.95726 -0.0350793 0.287093 -85.2439

0.374311 0.0480021 0.92606 -214.423
-0.0378476 0.998618 -0.0364652 17.625
-0.926531 -0.0213999 0.37561 -106.392

0.422247 0.0456994 0.905328 -208.666
-0.0350332 0.998805 -0.0340784 17.1107
-0.905803 -0.017327 0.423344 -117.747

0.470723 0.0481179 0.880968 -201.975
-0.0334674 0.998767 -0.0366695 17.7644
-0.881646 -0.0122226 0.471753 -129.204

0.568473 0.0578618 0.820664 -185.72
-0.0369282 0.998313 -0.044807 19.663
-0.821872 -0.00483406 0.569651 -152.217

0.617374 0.059191 0.78444 -176.135
-0.0394228 0.99824 -0.0442968 19.5088
-0.785681 -0.0035771 0.618621 -163.649

0.665328 0.0602439 0.744116 -165.573
-0.0441141 0.99817 -0.0413689 18.7154
-0.745247 -0.00530208 0.666768 -174.847

0.75792 0.0568653 0.649864 -141.182
-0.0447217 0.998379 -0.0352037 17.2208
-0.650812 -0.00238142 0.759235 -196.064

0.798926 0.0586336 0.598564 -128.019
-0.0447083 0.998273 -0.0381141 17.921
-0.599765 0.00368958 0.800168 -205.3

0.834675 0.0634472 0.547076 -114.867
-0.048348 0.997948 -0.0419725 18.7761
-0.548617 0.00858337 0.83603 -213.344

0.893444 0.0703601 0.443629 -88.6361
-0.0548965 0.997356 -0.0476233 20.024
-0.445807 0.018195 0.894944 -226.375

0.916336 0.0714539 0.393982 -76.1329
-0.0576675 0.997241 -0.046738 19.7559
-0.396235 0.0201078 0.917929 -231.407

0.93507 0.0710247 0.347274 -64.4192
-0.0597582 0.997284 -0.0430602 18.8114
-0.349389 0.0195119 0.936775 -235.532

0.962812 0.0697508 0.261012 -42.8476
-0.0607881 0.997255 -0.0422653 18.607
-0.263244 0.0248271 0.96441 -241.483

0.978827 0.0685235 0.192879 -25.86
-0.0608849 0.997118 -0.0452627 19.3613
-0.195425 0.0325609 0.980178 -244.983

0.98349 0.0708168 0.16653 -19.2747
-0.0639729 0.996886 -0.046115 19.5045
-0.169277 0.0347002 0.984957 -246.181

0.988853 0.0742254 0.129078 -9.90542
-0.0686548 0.996529 -0.0470892 19.6414
-0.132125 0.0377025 0.990516 -247.98

0.990362 0.0748537 0.116536 -6.76195
-0.0697229 0.996435 -0.047504 19.7233
-0.119677 0.0389209 0.99205 -248.727

0.991375 0.0753802 0.10721 -4.42418
-0.0706661 0.996387 -0.047115 19.6111
-0.110374 0.0391326 0.993119 -249.457

0.992774 0.0762742 0.0926425 -0.762256
-0.0723739 0.996373 -0.0447591 18.984
-0.0957204 0.0377307 0.994693 -250.91

0.993101 0.0768709 0.0885544 0.275343
-0.0731804 0.996339 -0.0441987 18.8324
-0.0916278 0.0374133 0.99509 -251.625

0.99348 0.0769104 0.0841586 1.38932
-0.0732758 0.996275 -0.0454598 19.1522
-0.0873414 0.0389966 0.995415 -253.055

0.993623 0.0763874 0.0829327 1.70001
-0.0725953 0.996214 -0.0478205 19.7776
-0.0862716 0.041495 0.995407 -253.765

0.99363 0.0771755 0.0821196 1.91553
-0.073163 0.996025 -0.0508013 20.5311
-0.0857138 0.0444695 0.995327 -254.481

0.993509 0.0780548 0.0827522 1.75845
-0.0739324 0.995919 -0.0517663 20.7714
-0.0864551 0.0453122 0.995225 -255.243

0.993058 0.0800631 0.0861781 0.901063
-0.0762709 0.996005 -0.0464368 19.3578
-0.0895517 0.0395416 0.995197 -256.973

0.993063 0.0780463 0.0879506 0.426094
-0.0747529 0.996394 -0.0401423 17.7799
-0.0907664 0.0332893 0.995316 -257.915

0.993269 0.0743891 0.0887828 0.202923
-0.071405 0.996785 -0.036332 16.8815
-0.0912001 0.029748 0.995388 -259.648

0.993257 0.0751919 0.0882478 0.356749
-0.0707417 0.996111 -0.0525207 21.1073
-0.0918538 0.0459238 0.994713 -261.114

0.993112 0.0775917 0.0877929 0.498796
-0.0726831 0.995679 -0.0577954 22.452
-0.091898 0.0510162 0.994461 -261.905

0.992448 0.0843055 0.0890994 0.197115
-0.0801481 0.995565 -0.0492576 20.0559
-0.0928569 0.0417445 0.994804 -263.921

0.992183 0.0861009 0.0903297 -0.115468
-0.082562 0.995691 -0.0422148 18.1462
-0.0935752 0.034427 0.995017 -264.977

0.991955 0.0860623 0.0928317 -0.784284
-0.0830032 0.995887 -0.0363327 16.5734
-0.0955768 0.028335 0.995019 -266.975

0.992149 0.0832383 0.0933356 -0.925906
-0.0799775 0.996066 -0.0381552 17.1405
-0.0961444 0.0303909 0.994903 -267.905

0.99221 0.0821811 0.0936201 -1.00374
-0.0782662 0.995927 -0.0447541 18.9551
-0.0969168 0.0370782 0.994602 -268.76

0.9921 0.083945 0.0932291 -0.884069
-0.0789861 0.99532 -0.0556701 21.8979
-0.0974661 0.0478665 0.994087 -270.531

0.991881 0.0869284 0.0928209 -0.738854
-0.0825356 0.995325 -0.0501661 20.347
-0.0967478 0.0420978 0.994418 -272.648

0.991738 0.0876737 0.0936453 -0.959608
-0.0836298 0.995422 -0.0462752 19.2625
-0.0972737 0.0380614 0.99453 -273.745

0.991406 0.090008 0.0949381 -1.2973
-0.0860001 0.995255 -0.045503 19.0167
-0.0985833 0.0369473 0.994443 -275.841

0.991099 0.091831 0.0963845 -1.68812
-0.0874335 0.994969 -0.0489057 19.9309
-0.100391 0.0400432 0.994142 -276.82

0.990423 0.0948643 0.100314 -2.76728
-0.0901182 0.994633 -0.0508397 20.4263
-0.104598 0.0413127 0.993656 -278.896

0.98998 0.0974318 0.102206 -3.28423
-0.0932044 0.994613 -0.0453641 18.8327
-0.106075 0.0353835 0.993728 -280.053

0.989708 0.0968803 0.105322 -4.16209
-0.0930969 0.994842 -0.0402757 17.4306
-0.108681 0.030056 0.993622 -282.249

0.989542 0.0949737 0.10857 -5.0848
-0.0905216 0.994867 -0.045236 18.9207
-0.112309 0.034935 0.993059 -284.255

0.989573 0.0928982 0.110071 -5.51689
-0.0878081 0.99487 -0.0502324 20.4305
-0.114173 0.0400435 0.992654 -285.198

0.989588 0.091191 0.111355 -5.88714
-0.0856507 0.994884 -0.0535723 21.4494
-0.115671 0.0434768 0.992336 -286.185

0.989735 0.0882876 0.112385 -6.18754
-0.0828407 0.995192 -0.0522564 21.1592
-0.116459 0.0424098 0.99229 -288.305

0.989585 0.0900531 0.112305 -6.15454
-0.0848182 0.995113 -0.0505608 20.634
-0.116309 0.0405087 0.992387 -289.393

0.989617 0.089222 0.112685 -6.27261
-0.0843428 0.995311 -0.0473579 19.7405
-0.116382 0.037362 0.992502 -290.494

0.989465 0.0909155 0.112669 -6.24548
-0.0865985 0.99533 -0.042645 18.3443
-0.11602 0.0324388 0.992717 -292.644

0.989568 0.0902257 0.112318 -6.14374
-0.0857479 0.995341 -0.0440892 18.8041
-0.115773 0.0339982 0.992694 -293.654

0.989796 0.0879504 0.112114 -6.08932
-0.0831748 0.995445 -0.046594 19.6167
-0.115701 0.0367935 0.992602 -294.641

0.990074 0.0854336 0.111599 -5.94303
-0.0804094 0.995568 -0.0487791 20.3646
-0.115272 0.0393213 0.992555 -296.649

0.990261 0.0835466 0.111368 -5.87854
-0.0781167 0.995573 -0.0522667 21.4708
-0.115242 0.0430579 0.992404 -297.6

0.990624 0.0798537 0.110846 -5.72783
-0.0738502 0.995624 -0.0572552 23.1144
-0.114933 0.0485324 0.992187 -299.517

0.990947 0.0761408 0.110578 -5.65392
-0.070764 0.996149 -0.051767 21.5649
-0.114094 0.0434734 0.992518 -300.66

0.991368 0.0715257 0.109882 -5.44583
-0.0669795 0.99676 -0.0445262 19.5177
-0.112711 0.036782 0.992947 -302.839

0.991561 0.0689657 0.109779 -5.42017
-0.0645676 0.996981 -0.0431302 19.174
-0.112422 0.0356781 0.99302 -303.886

0.991659 0.0671515 0.110014 -5.4939
-0.0628216 0.997125 -0.0423658 19.0061
-0.112543 0.0351012 0.993027 -305.951

0.991548 0.0679695 0.110512 -5.63878
-0.0631235 0.996909 -0.0467779 20.372
-0.113349 0.0394067 0.992773 -307.924

0.991471 0.0687101 0.110745 -5.70237
-0.06377 0.996831 -0.0475536 20.6069
-0.113662 0.0400858 0.992711 -308.928

0.991475 0.0685962 0.110779 -5.7134
-0.0636955 0.996853 -0.0471913 20.5114
-0.113668 0.0397328 0.992724 -309.972

0.991592 0.0696435 0.109065 -5.16493
-0.0647893 0.996771 -0.0474395 20.5742
-0.112016 0.0399744 0.992902 -312.077

0.991702 0.0700247 0.10781 -4.75098
-0.065245 0.99675 -0.0472456 20.5112
-0.110768 0.0398195 0.993048 -313.127

0.991773 0.0691466 0.10773 -4.73126
-0.0644046 0.996821 -0.0468965 20.4358
-0.11063 0.0395724 0.993074 -314.192

0.991806 0.0697615 0.107028 -4.50083
-0.0650751 0.996788 -0.0466761 20.368
-0.10994 0.0393287 0.99316 -316.332

0.991949 0.0683109 0.10663 -4.36964
-0.0641076 0.997043 -0.0423658 19.0535
-0.109209 0.035189 0.993396 -317.478

0.991772 0.0705408 0.106831 -4.41308
-0.0663616 0.996903 -0.0421861 18.948
-0.109476 0.0347495 0.993382 -319.624

0.991746 0.0708555 0.106857 -4.41356
-0.0661125 0.996691 -0.047298 20.6009
-0.109855 0.0398431 0.993149 -320.604

0.991798 0.0711802 0.106158 -4.17282
-0.0659601 0.996471 -0.0519025 22.1077
-0.109478 0.0444745 0.992994 -322.676

0.991885 0.0704599 0.10583 -4.06215
-0.0650539 0.996436 -0.0536978 22.727
-0.109236 0.0463774 0.992933 -323.712

0.991428 0.0764495 0.105952 -4.06461
-0.0712002 0.996081 -0.0524763 22.1705
-0.109548 0.0444827 0.992986 -325.908

0.991277 0.0780938 0.106166 -4.12496
-0.0731341 0.996076 -0.0498394 21.2692
-0.109642 0.0416403 0.993099 -327.035

0.991096 0.0801679 0.106306 -4.15734
-0.0753419 0.995969 -0.0486678 20.8294
-0.109779 0.0402252 0.993142 -328.136

0.990731 0.0841456 0.106638 -4.24428
-0.0788187 0.995467 -0.0532276 22.253
-0.110633 0.0443292 0.992872 -330.161

0.990083 0.0907075 0.107277 -4.434
-0.0847159 0.994648 -0.0591571 24.0622
-0.112069 0.0494823 0.992468 -332.163

0.989783 0.093546 0.107603 -4.53174
-0.0878498 0.994529 -0.0565218 23.1122
-0.112302 0.0464914 0.992586 -333.277

0.989469 0.0967864 0.107627 -4.52621
-0.0915528 0.994412 -0.0525601 21.6912
-0.112112 0.0421531 0.992801 -334.42

0.989282 0.098295 0.10798 -4.63879
-0.0931959 0.994325 -0.0513071 21.2328
-0.112411 0.0406939 0.992828 -335.493

0.988734 0.102166 0.10939 -5.09365
-0.096635 0.993814 -0.0547319 22.2945
-0.114305 0.0435444 0.992491 -337.467

0.988411 0.104133 0.110458 -5.45414
-0.0982407 0.993499 -0.0575191 23.1924
-0.115729 0.046001 0.992215 -338.428

0.987766 0.108603 0.111914 -5.93316
-0.102119 0.992829 -0.0621415 24.6684
-0.11786 0.0499527 0.991773 -340.328

0.987395 0.110583 0.113232 -6.38519
-0.104135 0.992667 -0.0613809 24.3655
-0.11919 0.0488158 0.991671 -341.326

0.987016 0.112031 0.115101 -7.01363
-0.105893 0.992676 -0.0581477 23.2375
-0.120772 0.0452044 0.99165 -343.359

0.98697 0.11131 0.116191 -7.38917
-0.105155 0.992772 -0.0578466 23.1801
-0.12179 0.0448748 0.991541 -344.32

0.986919 0.111043 0.116875 -7.61932
-0.104861 0.992806 -0.0577935 23.1868
-0.122452 0.0447818 0.991464 -345.261

0.98688 0.109806 0.118368 -8.13663
-0.10329 0.992848 -0.059862 23.9853
-0.124095 0.0468503 0.991164 -347.063

0.986995 0.108247 0.118845 -8.30505
-0.101845 0.993067 -0.0586994 23.6489
-0.124375 0.0458323 0.991176 -347.994

0.986949 0.108861 0.118662 -8.23689
-0.102867 0.993143 -0.0555393 22.5497
-0.123895 0.0426081 0.99138 -349.855

0.98726 0.108727 0.116175 -7.35696
-0.102632 0.993071 -0.0572336 23.1871
-0.121593 0.044581 0.991578 -351.55

0.987192 0.111141 0.11445 -6.73882
-0.104932 0.992732 -0.0589343 23.7243
-0.120168 0.0461701 0.991679 -352.37

0.987138 0.113271 0.112815 -6.15469
-0.107085 0.992469 -0.0594822 23.8598
-0.118703 0.0466364 0.991834 -353.189

0.987233 0.11402 0.11122 -5.5837
-0.107771 0.992322 -0.0606816 24.2746
-0.117285 0.0479205 0.991941 -353.96

0.987143 0.117908 0.10792 -4.39503
-0.111372 0.991668 -0.064736 25.6105
-0.114654 0.0518844 0.99205 -355.398

0.987559 0.11704 0.105022 -3.36968
-0.110469 0.991662 -0.0663569 26.2556
-0.111912 0.0539296 0.992254 -356.813

0.987596 0.117754 0.103867 -2.95431
-0.11162 0.99175 -0.063027 25.0475
-0.110432 0.0506515 0.992592 -357.591

0.987691 0.118047 0.102627 -2.50771
-0.112589 0.991979 -0.0574637 23.0368
-0.108587 0.0452017 0.993059 -358.372

0.987812 0.119049 0.100275 -1.64624
-0.113824 0.991903 -0.0563243 22.6137
-0.106168 0.0442241 0.993364 -359.671

0.987713 0.119901 0.100239 -1.63493
-0.114353 0.991663 -0.0593901 23.7019
-0.106524 0.0471978 0.993189 -360.199

0.987642 0.120266 0.100499 -1.72737
-0.114388 0.991477 -0.0623546 24.7746
-0.107142 0.0500882 0.992981 -360.713

0.987169 0.119298 0.106139 -3.7658
-0.11332 0.991703 -0.0606991 24.2415
-0.112499 0.0478926 0.992497 -361.809

0.986591 0.118935 0.111775 -5.8153
-0.113107 0.991939 -0.057125 22.9635
-0.117668 0.0437164 0.99209 -362.365

0.983899 0.119921 0.132517 -13.3938
-0.113675 0.992062 -0.0537603 21.736
-0.137913 0.0378308 0.989722 -363.203

0.981701 0.119893 0.147947 -19.0545
-0.113224 0.992169 -0.0527348 21.3797
-0.15311 0.0350187 0.987588 -363.436

0.975081 0.116985 0.188496 -33.9878
-0.109059 0.992678 -0.0519202 21.2429
-0.19319 0.0300692 0.9807 -363.248

0.962781 0.117711 0.243306 -54.3219
-0.106667 0.992594 -0.058123 23.6
-0.248346 0.0300069 0.968207 -361.508

0.953437 0.120295 0.276561 -66.7277
-0.10771 0.992351 -0.0603108 24.3673
-0.281701 0.0277141 0.959102 -359.789

0.94147 0.121273 0.314526 -80.965
-0.107423 0.992336 -0.0610711 24.6667
-0.319522 0.0237094 0.947282 -357.247

0.910038 0.116796 0.39773 -112.454
-0.0995535 0.992984 -0.0638104 25.9661
-0.402392 0.0184745 0.915281 -349.357

0.89016 0.115443 0.440782 -128.908
-0.095499 0.993155 -0.0672527 27.3841
-0.445529 0.0177714 0.895091 -343.921

0.866895 0.117534 0.484436 -145.7
-0.0948892 0.992945 -0.0711052 28.8138
-0.489376 0.015673 0.871932 -337.422

0.811276 0.110608 0.574106 -180.576
-0.0840684 0.993807 -0.0726703 29.8043
-0.578588 0.0106915 0.81555 -320.792

0.777496 0.105277 0.620013 -198.671
-0.0769823 0.994407 -0.072313 29.9477
-0.624158 0.00849299 0.781252 -310.29

0.739868 0.103873 0.664684 -216.457
-0.0722629 0.994563 -0.0749881 31.1137
-0.66886 0.00744926 0.743351 -298.441

0.652057 0.112724 0.749743 -250.951
-0.072354 0.993624 -0.0864642 35.3582
-0.75471 0.00213263 0.656056 -270.43

0.602934 0.116905 0.789179 -267.298
-0.0713558 0.993143 -0.0926038 37.6713
-0.794594 -0.000478528 0.607141 -254.393

0.493965 0.125478 0.86038 -297.653
-0.0746509 0.991998 -0.101815 40.9409
-0.866271 -0.0139352 0.49938 -218.42

0.434055 0.130056 0.891449 -311.416
-0.0789652 0.991209 -0.106161 42.3718
-0.897419 -0.0243139 0.440509 -198.445

0.306882 0.119947 0.944159 -335.948
-0.0820723 0.991666 -0.0993066 39.7199
-0.948202 -0.0470138 0.314169 -154.919

0.239657 0.11852 0.963596 -345.846
-0.0859843 0.991211 -0.100531 40.0136
-0.967043 -0.0587613 0.247741 -131.719

0.107292 0.121498 0.986776 -359.826
-0.0840311 0.990062 -0.112766 44.6041
-0.99067 -0.070821 0.116435 -85.2684


